1095 2187
2 261
2 522
2 906
2 425
2 282
2 82
2 823
2 910
2 557
2 359
2 650
2 537
2 1034
2 239
2 687
2 786
2 867
2 57
2 466
2 489
2 235
2 559
2 318
2 776
2 668
2 451
2 358
2 31
2 550
2 209
2 156
2 345
2 807
2 170
2 364
2 986
2 593
2 682
2 475
2 256
2 162
2 265
2 521
2 221
2 706
2 538
2 831
2 935
2 275
2 176
2 343
2 731
2 219
2 447
2 953
2 928
2 788
2 564
2 620
2 33
2 1
2 392
2 954
2 771
2 692
2 773
2 135
2 555
2 960
2 54
2 257
2 533
2 306
2 80
2 259
2 30
2 578
2 798
2 638
2 1048
2 761
2 622
2 152
2 83
2 725
2 352
2 335
2 186
2 589
2 245
2 791
2 220
2 769
2 639
2 1049
2 415
2 897
2 698
2 389
2 442
2 701
2 677
2 1044
2 617
2 59
2 1026
2 758
2 1084
2 429
2 145
2 303
2 719
2 972
2 120
2 339
2 132
2 277
2 486
2 252
2 17
2 412
2 991
2 204
2 936
2 519
2 962
2 704
2 468
261 522
261 906
261 656
261 282
261 942
261 43
261 661
261 557
261 10
261 542
261 1071
261 525
261 809
261 1002
261 603
261 867
261 329
261 217
261 880
261 762
261 496
261 930
261 1074
261 626
261 886
261 419
261 193
261 106
261 1092
261 248
261 276
261 807
261 912
261 173
261 13
261 188
261 1004
261 1064
261 736
261 833
261 938
261 810
261 191
261 97
261 285
261 499
261 178
261 641
261 753
261 757
261 406
261 63
261 908
261 1022
261 394
261 612
261 0
261 848
261 384
261 857
261 108
261 500
261 254
261 692
261 860
261 866
261 845
261 631
261 911
261 658
261 655
261 824
261 926
261 377
261 1037
261 426
261 805
261 361
261 110
261 570
261 1013
261 899
261 391
261 901
261 678
261 1047
261 14
261 547
261 614
261 413
261 608
261 516
261 398
261 768
261 387
261 561
261 822
261 422
261 457
261 354
261 307
261 688
261 927
261 454
261 755
261 1069
261 892
261 37
261 428
261 715
261 523
261 376
261 989
261 55
261 1030
261 118
261 258
261 676
261 202
261 1046
261 247
261 613
261 978
261 143
261 436
261 290
261 982
522 425
522 656
522 82
522 942
522 1051
522 787
522 359
522 10
522 287
522 1061
522 91
522 278
522 243
522 84
522 57
522 329
522 69
522 1019
522 363
522 1018
522 317
522 902
522 100
522 293
522 877
522 60
522 280
522 511
522 492
522 199
522 170
522 912
522 854
522 198
522 347
522 615
522 987
522 916
522 283
522 929
522 514
522 28
522 915
522 1020
522 544
522 330
522 949
522 885
522 909
522 229
522 963
522 1024
522 350
522 590
522 922
522 197
522 956
522 870
522 784
522 174
522 115
522 161
522 773
522 860
522 163
522 393
522 196
522 494
522 965
522 552
522 624
522 411
522 459
522 759
522 300
522 487
522 253
522 853
522 1010
522 887
522 469
522 1050
522 669
522 95
522 123
522 693
522 865
522 628
522 223
522 337
522 237
522 697
522 515
522 311
522 1035
522 680
522 820
522 402
522 662
522 1073
522 1032
522 541
522 785
522 136
522 888
522 896
522 208
522 637
522 192
522 957
522 461
522 27
522 379
522 302
522 732
522 695
522 1036
522 997
522 652
522 6
522 195
522 563
522 356
522 474
522 607
522 456
906 823
906 43
906 650
906 542
906 76
906 321
906 466
906 217
906 510
906 401
906 549
906 808
906 78
906 1063
906 364
906 173
906 355
906 992
906 830
906 32
906 685
906 1053
906 849
906 826
906 584
906 21
906 420
906 540
906 898
906 1089
906 135
906 866
906 1081
906 297
906 1006
906 569
906 87
906 360
906 636
906 952
906 577
906 621
906 671
906 271
906 728
906 230
906 666
906 430
906 1060
906 88
906 240
906 587
906 184
906 1021
906 513
906 488
906 427
906 234
906 180
906 8
906 651
906 485
425 910
425 1051
425 537
425 287
425 206
425 182
425 489
425 69
425 1075
425 862
425 777
425 647
425 859
425 431
425 986
425 854
425 79
425 633
425 39
425 201
425 920
425 482
425 981
425 1070
425 530
425 739
425 1067
425 304
425 821
425 881
425 555
425 163
425 969
425 891
425 246
425 600
425 158
425 56
425 869
425 368
425 241
425 1012
425 1068
425 50
425 812
425 64
425 932
425 463
425 646
425 236
425 575
425 351
425 921
425 443
425 107
425 573
425 727
425 893
425 40
425 81
425 873
425 24
656 661
656 787
656 1071
656 1061
656 476
656 802
656 880
656 1019
656 703
656 923
656 1009
656 417
656 75
656 423
656 13
656 198
656 579
656 325
656 664
656 111
656 61
656 994
656 1011
656 450
656 842
656 313
656 438
656 455
656 894
656 435
656 845
656 393
656 580
656 534
656 905
656 947
656 400
656 599
656 632
656 296
656 951
656 295
656 453
656 754
656 984
656 1058
656 1077
656 868
656 745
656 1093
656 625
656 566
656 591
656 871
656 314
656 863
656 900
656 816
656 520
656 139
656 383
656 225
282 1034
282 525
282 235
282 762
282 396
282 179
282 593
282 188
282 46
282 7
282 556
282 480
282 907
282 249
282 960
282 631
282 1033
282 181
282 227
282 903
282 432
282 601
282 799
282 85
282 913
282 467
282 648
282 36
282 596
282 130
82 239
82 91
82 559
82 363
82 155
82 775
82 682
82 347
82 1041
82 985
82 151
82 291
82 124
82 654
82 54
82 196
82 166
82 864
82 484
82 44
82 931
82 966
82 324
82 316
82 382
82 681
82 109
82 388
82 795
82 616
823 687
823 76
823 318
823 510
823 717
823 138
823 475
823 355
823 546
823 627
823 67
823 673
823 215
823 320
823 257
823 1081
823 815
823 765
823 262
823 1066
823 531
823 272
823 804
823 974
823 723
823 445
823 471
823 281
823 167
823 367
910 786
910 206
910 776
910 1075
910 553
910 446
910 256
910 79
910 305
910 1087
910 667
910 597
910 659
910 242
910 533
910 969
910 49
910 774
910 574
910 545
910 504
910 977
910 340
910 535
910 481
910 967
910 1015
910 92
910 414
910 879
942 809
942 278
942 496
942 1018
942 568
942 518
942 1004
942 615
942 610
942 51
942 918
942 264
942 128
942 19
942 911
942 494
942 15
942 381
942 716
942 751
942 274
942 203
942 334
942 403
942 588
942 238
942 366
942 273
942 917
942 289
43 1002
43 321
43 930
43 401
43 310
43 883
43 1064
43 992
43 112
43 827
43 25
43 796
43 117
43 424
43 658
43 297
43 125
43 90
43 501
43 260
43 565
43 171
43 1078
43 852
43 65
43 322
43 979
43 378
43 594
43 308
661 603
661 476
661 1074
661 703
661 483
661 226
661 736
661 579
661 74
661 114
661 742
661 12
661 1001
661 760
661 655
661 580
661 452
661 1017
661 9
661 955
661 478
661 937
661 783
661 737
661 878
661 524
661 1090
661 950
661 634
661 99
1051 243
1051 182
1051 317
1051 862
1051 958
1051 129
1051 987
1051 633
1051 778
1051 691
1051 48
1051 357
1051 169
1051 718
1051 965
1051 891
1051 35
1051 560
1051 743
1051 479
1051 498
1051 696
1051 1003
1051 73
1051 689
1051 722
1051 1085
1051 748
1051 98
1051 672
787 84
787 802
787 902
787 923
787 670
787 684
787 916
787 325
787 86
787 168
787 517
787 26
787 294
787 630
787 552
787 534
787 68
787 611
787 814
787 194
787 477
787 407
787 619
787 884
787 190
787 801
787 567
787 439
787 102
787 101
557 668
557 626
557 162
557 833
557 1094
557 527
557 306
557 824
557 635
557 1054
557 793
557 409
557 738
557 105
359 451
359 100
359 265
359 283
359 149
359 1029
359 80
359 624
359 583
359 231
359 933
359 72
359 458
359 418
650 358
650 549
650 521
650 830
650 756
650 493
650 259
650 1006
650 333
650 348
650 270
650 502
650 882
650 752
537 31
537 777
537 221
537 39
537 11
537 416
537 30
537 246
537 369
537 405
537 421
537 4
537 946
537 811
1034 550
1034 396
1034 706
1034 46
1034 554
1034 224
1034 578
1034 1033
1034 491
1034 749
1034 495
1034 919
1034 183
1034 813
239 209
239 155
239 538
239 1041
239 34
239 18
239 798
239 166
239 528
239 53
239 585
239 858
239 462
239 1052
687 156
687 717
687 831
687 546
687 970
687 872
687 638
687 815
687 404
687 1088
687 990
687 730
687 973
687 629
786 345
786 553
786 935
786 305
786 77
786 309
786 1048
786 49
786 694
786 71
786 649
786 686
786 846
786 342
10 886
10 293
10 938
10 929
10 449
10 875
10 926
10 411
10 819
10 3
10 66
10 507
10 980
10 133
542 419
542 808
542 810
542 32
542 441
542 269
542 377
542 569
542 837
542 200
542 104
542 216
542 497
542 131
1071 193
1071 1009
1071 191
1071 664
1071 582
1071 353
1071 1037
1071 905
1071 690
1071 526
1071 1082
1071 592
1071 1027
1071 1056
525 106
525 179
525 97
525 7
525 586
525 20
525 426
525 181
525 349
525 147
525 372
525 113
525 843
525 38
809 1092
809 568
809 285
809 610
809 470
809 134
809 805
809 15
809 746
809 93
809 640
809 490
809 58
809 699
1002 248
1002 310
1002 499
1002 112
1002 663
1002 140
1002 361
1002 125
1002 1028
1002 609
1002 148
1002 562
1002 375
1002 508
603 276
603 483
603 178
603 74
603 315
603 505
603 110
603 452
603 779
603 948
603 792
603 558
603 657
603 440
287 877
287 647
287 514
287 201
287 797
287 371
287 459
287 600
287 150
287 370
287 709
287 47
287 1080
287 770
1061 60
1061 417
1061 28
1061 111
1061 301
1061 1005
1061 759
1061 947
1061 712
1061 338
1061 606
1061 988
1061 532
1061 233
91 280
91 775
91 915
91 985
91 889
91 212
91 300
91 864
91 844
91 660
91 841
91 159
91 473
91 284
278 511
278 518
278 1020
278 51
278 890
278 292
278 487
278 381
278 711
278 142
278 679
278 598
278 767
278 944
243 492
243 958
243 544
243 778
243 465
243 460
243 253
243 35
243 267
243 211
243 434
243 266
243 288
243 1083
84 199
84 670
84 330
84 86
84 160
84 839
84 853
84 68
84 22
84 726
84 790
84 16
84 747
84 602
76 78
76 138
76 685
76 627
76 959
76 764
76 87
76 765
76 763
76 52
76 789
76 829
76 96
76 1055
321 1063
321 883
321 1053
321 827
321 674
321 571
321 360
321 90
321 1025
321 850
321 941
321 940
321 721
321 268
206 859
206 446
206 920
206 1087
206 803
206 702
206 158
206 774
206 214
206 828
206 218
206 45
206 410
206 683
182 431
182 129
182 482
182 691
182 983
182 157
182 56
182 560
182 232
182 1045
182 1057
182 187
182 876
182 895
476 75
476 226
476 61
476 114
476 472
476 772
476 400
476 1017
476 1059
476 1062
476 205
476 503
476 536
476 1016
802 423
802 684
802 994
802 168
802 506
802 998
802 599
802 611
802 228
802 1043
802 141
802 319
802 116
802 874
867 275
867 641
867 761
867 570
867 924
867 103
57 176
57 949
57 622
57 1010
57 741
57 1000
466 343
466 849
466 152
466 636
466 856
466 904
489 731
489 981
489 83
489 869
489 397
489 605
235 219
235 556
235 725
235 227
235 299
235 1031
559 447
559 151
559 352
559 484
559 707
559 642
318 953
318 67
318 335
318 262
318 1038
318 346
776 928
776 667
776 186
776 574
776 70
776 146
668 788
668 1094
668 589
668 635
668 263
668 713
451 564
451 149
451 245
451 583
451 780
451 832
358 620
358 756
358 791
358 333
358 943
358 945
31 33
31 11
31 220
31 369
31 855
31 327
550 1
550 554
550 769
550 491
550 675
550 993
209 392
209 34
209 639
209 528
209 177
209 840
156 954
156 970
156 1049
156 404
156 175
156 595
345 771
345 77
345 415
345 694
345 332
345 543
329 753
329 885
329 1013
329 887
329 298
329 836
217 757
217 826
217 899
217 952
217 374
217 766
880 406
880 1011
880 391
880 632
880 729
880 326
762 63
762 480
762 901
762 903
762 976
762 724
496 908
496 918
496 678
496 716
496 818
496 154
930 1022
930 25
930 1047
930 501
930 444
930 137
1074 394
1074 742
1074 14
1074 9
1074 1040
1074 1076
626 612
626 527
626 547
626 1054
626 623
626 244
886 0
886 449
886 614
886 819
886 365
886 1039
419 848
419 441
419 413
419 837
419 395
419 551
193 384
193 582
193 608
193 690
193 341
193 529
106 857
106 586
106 516
106 349
106 512
106 847
1092 108
1092 470
1092 398
1092 746
1092 861
1092 782
248 500
248 663
248 768
248 1028
248 539
248 126
276 254
276 315
276 387
276 779
276 172
276 386
69 909
69 1070
69 469
69 368
69 42
69 250
1019 229
1019 450
1019 1050
1019 296
1019 735
1019 185
363 963
363 291
363 669
363 44
363 390
363 1072
1018 1024
1018 264
1018 95
1018 751
1018 995
1018 914
317 350
317 48
317 123
317 743
317 448
317 121
902 590
902 517
902 693
902 814
902 714
902 144
100 922
100 1029
100 865
100 231
100 164
100 961
293 197
293 875
293 628
293 3
293 700
293 720
877 956
877 797
877 223
877 150
877 825
877 328
60 870
60 301
60 337
60 712
60 362
60 189
280 784
280 889
280 237
280 844
280 1079
280 213
511 174
511 890
511 697
511 711
511 323
511 581
492 115
492 465
492 515
492 267
492 975
492 548
199 161
199 160
199 311
199 22
199 1086
199 934
510 584
510 673
510 577
510 1066
510 939
510 750
401 21
401 796
401 621
401 260
401 464
401 89
549 420
549 493
549 671
549 348
549 834
549 835
808 540
808 269
808 271
808 200
808 800
808 851
78 898
78 959
78 728
78 763
78 399
78 576
1063 1089
1063 674
1063 230
1063 1025
1063 344
1063 1065
1075 530
1075 597
1075 241
1075 545
1075 437
1075 1014
862 739
862 357
862 1012
862 479
862 251
862 705
777 1067
777 416
777 1068
777 405
777 781
777 999
647 304
647 371
647 50
647 370
647 94
647 733
859 821
859 803
859 812
859 214
859 286
859 744
431 881
431 983
431 64
431 232
431 62
431 618
703 842
703 12
703 951
703 955
703 210
703 153
923 313
923 26
923 295
923 194
923 645
923 408
1009 438
1009 353
1009 453
1009 526
1009 572
1009 255
417 455
417 1005
417 754
417 338
417 968
417 433
75 894
75 472
75 984
75 1059
75 644
75 996
423 435
423 506
423 1058
423 228
423 708
423 509
396 907
396 224
396 432
396 749
396 964
396 817
179 249
179 20
179 601
179 147
179 665
179 604
155 124
155 18
155 931
155 53
155 207
155 925
775 654
775 212
775 966
775 660
775 653
775 41
717 215
717 872
717 531
717 1088
717 740
717 119
138 320
138 764
138 272
138 52
138 336
138 380
553 659
553 309
553 504
553 71
553 1007
553 373
446 242
446 702
446 977
446 828
446 122
446 643
568 128
568 134
568 274
568 93
568 331
568 1042
518 19
518 292
518 203
518 142
518 385
518 1091
310 117
310 140
310 565
310 609
310 971
310 312
883 424
883 571
883 171
883 850
883 222
883 127
483 1001
483 505
483 478
483 948
483 734
483 710
226 760
226 772
226 937
226 1062
226 5
226 806
958 169
958 460
958 498
958 211
958 29
958 165
129 718
129 157
129 696
129 1045
129 1023
129 1008
670 294
670 839
670 477
670 726
670 794
670 838
684 630
684 998
684 407
684 1043
684 23
684 279
807 897
807 561
170 698
170 1035
364 389
364 666
986 442
986 932
593 701
593 799
682 677
682 324
475 1044
475 804
256 617
256 340
162 59
162 793
265 1026
265 933
521 758
521 270
221 1084
221 421
706 429
706 495
538 145
538 585
831 303
831 990
935 719
935 649
275 972
275 924
176 120
176 741
343 339
343 856
731 132
731 397
219 277
219 299
447 486
447 707
953 252
953 1038
928 17
928 70
788 412
788 263
564 991
564 780
620 204
620 943
33 936
33 855
1 519
1 675
392 962
392 177
954 704
954 175
771 468
771 332
912 822
912 680
173 422
173 430
13 457
13 1077
188 354
188 85
1004 307
1004 334
1064 688
1064 1078
736 927
736 783
833 454
833 409
938 755
938 66
810 1069
810 104
191 892
191 1082
97 37
97 372
285 428
285 640
499 715
499 148
178 523
178 792
641 376
641 103
753 989
753 298
757 55
757 374
406 1030
406 729
63 118
63 976
908 258
908 818
1022 676
1022 444
394 202
394 1040
612 1046
612 623
0 247
0 365
848 613
848 395
384 978
384 341
857 143
857 512
108 436
108 861
500 290
500 539
254 982
254 172
854 820
854 463
198 402
198 868
347 662
347 316
615 1073
615 403
987 1032
987 1003
916 541
916 619
283 785
283 72
929 136
929 507
514 888
514 709
28 896
28 606
915 208
915 841
1020 637
1020 679
544 192
544 434
330 957
330 790
949 461
949 1000
885 27
885 836
909 379
909 42
229 302
229 735
963 732
963 390
1024 695
1024 995
350 1036
350 448
590 997
590 714
922 652
922 164
197 6
197 700
956 195
956 825
870 563
870 362
784 356
784 1079
174 474
174 323
115 607
115 975
161 456
161 1086
355 1060
355 974
992 88
992 852
830 240
830 502
32 587
32 216
685 184
685 789
1053 1021
1053 941
849 513
849 904
826 488
826 766
584 427
584 939
21 234
21 464
420 180
420 834
540 8
540 800
898 651
898 399
1089 485
1089 344
79 646
79 535
633 236
633 73
39 575
39 4
201 351
201 47
920 921
920 218
482 443
482 1057
981 107
981 605
1070 573
1070 250
530 727
530 437
739 893
739 251
1067 40
1067 781
304 81
304 94
821 873
821 286
881 24
881 62
579 745
579 737
325 1093
325 884
664 625
664 592
111 566
111 988
61 591
61 205
994 871
994 141
1011 314
1011 326
450 863
450 185
842 900
842 210
313 816
313 645
438 520
438 572
455 139
455 968
894 383
894 644
435 225
435 708
46 913
46 919
7 467
7 113
556 648
556 1031
480 36
480 724
907 596
907 964
249 130
249 665
1041 382
1041 858
985 681
985 159
151 109
151 642
291 388
291 1072
124 795
124 207
654 616
654 653
546 723
546 730
627 445
627 829
67 471
67 346
673 281
673 750
215 167
215 740
320 367
320 336
305 481
305 686
1087 967
1087 45
667 1015
667 146
597 92
597 1014
659 414
659 1007
242 879
242 122
610 588
610 490
51 238
51 598
918 366
918 154
264 273
264 914
128 917
128 331
19 289
19 385
112 65
112 562
827 322
827 940
25 979
25 137
796 378
796 89
117 594
117 971
424 308
424 222
74 878
74 558
114 524
114 503
742 1090
742 1076
12 950
12 153
1001 634
1001 734
760 99
760 5
778 689
778 266
691 722
691 187
48 1085
48 121
357 748
357 705
169 98
169 29
718 672
718 1023
86 190
86 16
168 801
168 319
517 567
517 144
26 439
26 408
294 102
294 794
630 101
630 23
1094 738
1094 713
527 105
527 244
149 458
149 832
1029 418
1029 961
756 882
756 945
493 752
493 835
11 946
11 327
416 811
416 999
554 183
554 993
224 813
224 817
34 462
34 840
18 1052
18 925
970 973
970 595
872 629
872 119
77 846
77 543
309 342
309 373
449 980
449 1039
875 133
875 720
441 497
441 551
269 131
269 851
582 1027
582 529
353 1056
353 255
586 843
586 847
20 38
20 604
470 58
470 782
134 699
134 1042
663 375
663 126
140 508
140 312
315 657
315 386
505 440
505 710
797 1080
797 328
371 770
371 733
301 532
301 189
1005 233
1005 433
889 473
889 213
212 284
212 41
890 767
890 581
292 944
292 1091
465 288
465 548
460 1083
460 165
160 747
160 934
839 602
839 838
959 96
959 576
764 1055
764 380
674 721
674 1065
571 268
571 127
803 410
803 744
702 683
702 643
983 876
983 618
157 895
157 1008
472 536
472 996
772 1016
772 806
506 116
506 509
998 874
998 279
