90 135
40 66
40 83
40 80
66 30
66 63
30 37
30 28
37 25
37 18
25 89
25 86
89 27
89 4
27 1
27 65
1 13
1 73
13 48
13 14
48 34
48 22
34 71
34 54
71 60
71 82
60 86
60 69
86 9
9 62
9 57
62 76
62 49
76 80
76 12
80 44
44 54
44 33
54 39
39 21
39 78
21 52
21 64
52 65
52 56
65 87
87 12
87 35
12 23
23 24
23 20
24 51
24 85
51 69
51 2
69 74
74 56
74 7
56 79
79 3
79 38
3 81
3 42
81 33
81 31
33 50
50 2
50 58
2 75
75 28
75 59
28 10
10 35
10 46
35 11
11 31
11 45
31 6
6 14
6 72
14 53
53 7
53 41
7 47
47 46
47 26
46 43
43 57
43 15
57 19
19 58
19 68
58 16
16 41
16 0
41 18
18 78
78 8
8 45
8 70
45 29
29 68
29 77
68 22
22 20
20 67
67 26
67 17
26 84
84 70
84 55
70 49
49 38
38 61
61 0
61 88
0 36
36 17
36 83
17 64
64 59
59 32
32 77
32 5
77 4
4 88
88 85
85 72
72 63
63 55
55 82
82 5
5 42
42 15
15 73
73 83
