70 107
67 51
67 19
67 29
67 54
51 30
51 31
30 36
30 5
30 18
36 58
36 35
58 15
58 40
15 46
15 34
46 16
46 38
16 7
16 9
7 21
7 62
21 4
21 43
4 69
4 41
69 1
69 12
1 59
1 6
59 55
59 20
55 56
55 49
56 22
56 50
22 40
22 61
40 10
10 41
10 14
41 48
48 0
48 63
0 68
0 37
68 33
68 3
33 64
33 45
64 61
64 23
61 53
53 62
53 11
62 28
28 39
28 19
39 20
39 27
20 3
3 35
35 26
26 43
26 32
43 13
13 50
13 52
50 60
60 37
60 5
37 66
66 34
66 29
34 6
6 47
47 11
47 17
11 24
24 63
24 25
63 31
31 49
49 9
9 8
8 2
8 65
2 23
2 42
23 12
12 18
18 5
5 44
44 27
44 57
27 14
14 65
65 17
17 52
52 54
54 45
45 38
38 57
57 25
25 32
32 42
42 29
29 19
