70 105
62 37
62 32
62 53
37 67
37 43
67 16
67 50
16 68
16 46
68 40
68 29
40 8
40 55
8 49
8 21
49 4
49 66
4 1
4 33
1 38
1 14
38 69
38 18
69 45
69 30
45 7
45 15
7 58
7 22
58 20
58 34
20 46
20 44
46 26
26 0
26 5
0 6
0 12
6 65
6 61
65 41
65 23
41 14
41 2
14 31
31 27
31 51
27 29
27 9
29 35
35 36
35 59
36 52
36 24
52 18
52 32
18 5
5 28
28 42
28 56
42 21
42 13
21 47
47 57
47 11
57 51
57 19
51 48
48 64
48 54
64 12
64 25
12 66
66 53
53 22
22 9
9 56
56 63
63 17
63 3
17 23
17 60
23 55
55 15
15 54
54 39
39 43
39 10
43 13
13 2
2 34
34 24
24 25
25 3
3 50
50 30
30 11
11 61
61 59
59 10
10 33
33 44
44 60
60 19
19 32
