70 105
67 56
67 14
67 12
56 33
56 5
33 40
33 41
40 51
40 8
51 24
51 32
24 22
24 59
22 50
22 6
50 15
50 54
15 12
15 4
12 58
58 1
58 37
1 21
1 66
21 46
21 31
46 57
46 2
57 6
57 34
6 18
18 52
18 30
52 10
52 60
10 37
10 39
37 44
44 32
44 9
32 43
43 68
43 20
68 45
68 55
45 30
45 17
30 5
5 36
36 61
36 35
61 9
61 28
9 3
3 34
3 29
34 13
13 41
13 64
41 0
0 23
0 38
23 66
23 49
66 47
47 59
47 26
59 16
16 35
16 42
35 62
62 2
62 7
2 20
20 27
27 65
27 14
65 49
65 19
49 28
28 54
54 63
63 55
63 53
55 64
64 42
42 39
39 19
19 25
25 8
25 69
8 31
31 53
53 48
48 60
48 11
60 38
38 7
7 4
4 69
69 17
17 26
26 29
29 11
11 14
