112 168
92 73
92 72
92 93
73 8
73 86
8 77
8 28
77 31
77 51
31 95
31 11
95 38
95 42
38 100
38 74
100 30
100 0
30 21
30 82
21 33
21 9
33 56
33 75
56 36
56 110
36 1
36 104
1 65
1 90
65 29
65 50
29 20
29 72
20 74
20 6
74 99
99 2
99 12
2 69
2 78
69 106
69 47
106 71
106 48
71 44
71 111
44 18
44 60
18 110
18 5
110 54
54 86
54 81
86 22
22 91
22 59
91 55
91 68
55 58
55 61
58 10
58 103
10 24
10 66
24 78
24 88
78 4
4 101
4 37
101 53
101 87
53 15
53 97
15 11
15 46
11 104
104 43
43 47
43 26
47 96
96 93
96 45
93 27
27 82
27 85
82 103
103 3
3 83
3 39
83 41
83 64
41 17
41 98
17 37
17 57
37 75
75 32
32 25
32 52
25 61
25 16
61 6
6 94
94 60
94 19
60 97
97 85
85 102
102 76
102 70
76 90
76 13
90 109
109 88
109 35
88 28
28 40
40 19
40 105
19 98
98 26
26 79
79 89
79 107
89 14
89 80
14 66
14 62
66 5
5 108
108 42
108 49
42 57
57 13
13 68
68 48
48 7
7 9
7 34
9 105
105 23
23 49
23 67
49 45
45 16
16 63
63 35
63 84
35 0
0 107
107 59
59 87
87 67
67 50
50 39
39 111
111 51
51 52
52 80
80 70
70 12
12 81
81 64
64 84
84 46
46 34
34 62
62 72
