341 340
218 36
218 20
218 37
218 250
36 294
36 295
36 322
36 80
20 124
20 213
20 201
20 160
37 152
37 134
37 95
37 5
250 130
250 2
250 273
250 221
294 309
294 204
294 299
294 24
295 328
295 127
295 303
295 286
322 114
322 182
322 107
322 209
80 274
80 33
80 65
80 206
124 141
124 233
124 237
124 27
213 178
213 46
213 112
213 227
201 85
201 101
201 168
201 243
160 142
160 16
160 194
160 186
152 249
152 32
152 228
152 119
134 166
134 106
134 167
134 47
95 99
95 190
95 325
95 10
5 326
5 277
5 192
5 331
130 340
130 23
130 232
130 308
2 172
2 8
2 29
2 48
273 256
273 324
273 4
273 146
221 123
221 253
221 53
221 224
309 246
309 82
309 338
309 248
204 314
204 313
204 100
204 122
299 45
299 315
299 336
299 92
24 21
24 147
24 68
24 231
328 41
328 60
328 104
328 26
127 94
127 259
127 280
127 235
303 180
303 121
303 108
303 230
286 290
286 163
286 97
286 89
114 12
114 52
114 240
114 164
182 226
182 330
182 174
182 93
107 39
107 306
107 319
107 195
209 217
209 103
209 187
209 83
274 144
274 278
274 11
274 42
33 171
33 153
33 222
33 44
65 216
65 116
65 300
65 81
206 74
206 260
206 111
206 96
141 165
141 113
141 110
141 69
233 179
233 270
233 184
233 191
237 236
237 258
237 310
237 157
27 189
27 31
27 291
27 155
178 148
178 199
178 261
178 283
46 215
46 297
46 143
46 87
112 161
112 255
112 289
112 225
227 125
227 7
227 242
227 247
85 79
85 339
85 312
85 202
101 88
101 307
101 19
101 14
168 205
168 210
168 281
168 90
243 98
243 156
243 28
243 282
142 58
142 6
142 287
142 67
16 70
16 158
16 170
16 203
194 285
194 61
194 76
194 320
186 272
186 188
186 30
186 13
249 337
249 333
249 169
249 3
32 262
32 207
32 211
32 335
228 257
228 292
228 321
228 128
119 293
119 266
119 176
119 118
166 183
166 102
166 145
166 223
106 40
106 133
106 126
106 66
167 139
167 316
167 275
167 317
47 264
47 251
47 15
47 55
99 288
99 72
99 329
99 304
190 159
190 49
190 25
190 138
325 1
325 137
325 131
325 245
10 200
10 154
10 105
10 140
326 34
326 263
326 51
326 57
277 219
277 279
277 239
277 135
192 18
192 323
192 109
192 63
331 298
331 254
331 197
331 35
340 196
340 173
340 198
340 234
23 305
23 332
23 296
23 75
232 22
232 252
232 120
232 9
308 54
308 220
308 311
308 64
172 302
172 208
172 50
172 267
8 151
8 17
8 43
8 59
29 177
29 212
29 38
29 334
48 73
48 129
48 301
48 0
256 185
256 268
256 193
256 56
324 327
324 150
324 269
324 84
4 62
4 318
4 162
4 241
146 78
146 181
146 77
146 117
123 229
123 175
123 214
123 91
253 265
253 244
253 132
253 271
53 71
53 238
53 115
53 86
224 136
224 149
224 276
224 284
