100 99
74 18
18 57
57 39
39 46
46 7
7 93
93 8
8 25
25 13
13 80
80 68
68 87
87 16
16 21
21 9
9 15
15 11
11 60
60 91
91 99
99 59
59 79
79 12
12 31
31 41
41 85
85 45
45 77
77 1
1 88
88 42
42 51
51 64
64 75
75 48
48 2
2 98
98 54
54 43
43 20
20 76
76 95
95 14
14 83
83 72
72 78
78 81
81 49
49 29
29 67
67 89
89 53
53 61
61 23
23 65
65 26
26 35
35 33
33 38
38 84
84 50
50 58
58 22
22 66
66 3
3 47
47 70
70 56
56 19
19 96
96 0
0 24
24 63
63 97
97 36
36 92
92 27
27 4
4 71
71 86
86 40
40 82
82 69
69 17
17 90
90 37
37 44
44 55
55 73
73 28
28 34
34 6
6 5
5 10
10 30
30 32
32 52
52 62
62 94
