126 189
88 19
88 17
88 107
19 36
19 48
36 104
36 0
104 106
104 32
106 49
106 15
49 116
49 7
116 55
116 45
55 4
55 77
4 57
4 64
57 31
57 24
31 38
31 67
38 10
38 26
10 9
10 100
9 95
9 118
95 99
95 108
99 93
99 29
93 107
93 12
107 54
54 35
54 83
35 77
35 58
77 80
80 124
80 41
124 8
124 30
8 118
8 51
118 59
59 72
59 73
72 40
72 42
40 48
40 87
48 84
84 27
84 96
27 2
27 92
2 26
2 66
26 120
120 110
120 44
110 83
110 33
83 50
50 81
50 69
81 73
81 52
73 71
71 7
71 53
7 70
70 66
70 79
66 43
43 34
43 28
34 62
34 121
62 58
62 63
58 101
101 86
101 13
86 102
86 109
102 96
102 5
96 1
1 94
1 47
94 69
94 113
69 14
14 22
14 61
22 28
22 56
28 65
65 51
65 82
51 3
3 5
3 122
5 16
16 24
16 119
24 111
111 52
111 25
52 60
60 18
60 114
18 123
18 75
123 13
123 103
13 100
100 32
32 61
61 91
91 125
91 46
125 119
125 37
119 12
12 79
79 76
76 103
76 115
103 105
105 87
105 85
87 64
64 56
56 78
78 29
78 23
29 11
11 114
11 21
114 92
92 41
41 46
46 97
97 98
97 39
98 85
98 117
85 33
33 122
122 15
15 21
21 112
112 63
112 89
63 42
42 37
37 6
6 44
6 90
44 68
68 23
68 20
23 109
109 53
53 39
39 74
74 67
74 17
67 89
89 113
113 115
115 30
30 20
20 0
0 25
25 121
121 117
117 108
108 47
47 45
45 90
90 75
75 82
82 17
