100 198
51 45
51 27
51 32
51 39
51 99
51 56
51 52
51 97
51 2
51 59
51 54
51 29
51 96
51 71
51 78
51 23
51 65
51 40
51 1
51 68
51 37
51 18
51 79
51 9
51 73
51 11
51 90
51 34
51 83
51 98
51 7
51 42
51 6
51 43
51 77
51 36
51 93
51 84
51 12
51 66
51 87
51 30
51 3
51 44
51 80
51 26
51 0
51 63
51 33
51 28
51 47
51 17
51 60
51 95
51 92
51 13
51 81
51 82
51 21
51 70
51 24
51 72
51 10
51 55
51 75
51 15
51 35
51 41
51 14
51 53
51 69
51 16
51 49
51 31
51 62
51 46
51 85
51 67
51 50
51 5
51 48
51 89
51 58
51 88
51 25
51 38
51 61
51 76
51 64
51 8
51 4
51 74
51 86
51 91
51 19
51 94
51 22
51 20
51 57
45 27
45 57
27 32
32 39
39 99
99 56
56 52
52 97
97 2
2 59
59 54
54 29
29 96
96 71
71 78
78 23
23 65
65 40
40 1
1 68
68 37
37 18
18 79
79 9
9 73
73 11
11 90
90 34
34 83
83 98
98 7
7 42
42 6
6 43
43 77
77 36
36 93
93 84
84 12
12 66
66 87
87 30
30 3
3 44
44 80
80 26
26 0
0 63
63 33
33 28
28 47
47 17
17 60
60 95
95 92
92 13
13 81
81 82
82 21
21 70
70 24
24 72
72 10
10 55
55 75
75 15
15 35
35 41
41 14
14 53
53 69
69 16
16 49
49 31
31 62
62 46
46 85
85 67
67 50
50 5
5 48
48 89
89 58
58 88
88 25
25 38
38 61
61 76
76 64
64 8
8 4
4 74
74 86
86 91
91 19
19 94
94 22
22 20
20 57
