102 153
79 66
79 34
79 97
66 45
66 73
45 3
45 19
3 5
3 70
5 67
5 56
67 9
67 12
9 60
9 38
60 47
60 43
47 25
47 87
25 90
25 58
90 82
90 35
82 86
82 52
86 50
86 62
50 44
50 20
44 92
44 30
92 97
92 61
97 11
11 46
11 2
46 76
46 17
76 70
76 77
70 81
81 32
81 74
32 98
32 18
98 36
98 13
36 73
36 75
73 24
24 6
24 7
6 30
6 78
30 99
99 42
99 10
42 57
42 85
57 54
57 41
54 100
54 23
100 20
100 33
20 28
28 71
28 51
71 22
71 34
22 56
22 96
56 31
31 23
31 1
23 26
26 74
26 91
74 88
88 49
88 29
49 52
49 39
52 80
80 77
80 8
77 43
43 15
15 89
15 21
89 18
89 93
18 41
41 12
12 7
7 51
51 58
58 59
59 93
59 55
93 39
39 33
33 48
48 65
48 83
65 61
65 64
61 8
8 40
40 19
40 63
19 53
53 29
53 0
29 27
27 75
27 69
75 55
55 4
4 95
4 72
95 68
95 84
68 87
68 101
87 96
96 17
17 62
62 91
91 37
37 10
37 16
10 13
13 2
2 84
84 21
21 64
64 85
85 14
14 38
14 94
38 63
63 78
78 35
35 69
69 16
16 101
101 94
94 1
1 0
0 83
83 72
72 34
